lumi: 
  picobarns:
    "2022_postEE":
      E: 5671.64
      F: 17610.21
      G: 3055.42306
      tot: 26337.27
    "2022_preEE":
      C: 4943.2
      D: 2922.3
      tot: 7865.5
    "2024":
      C: 6867.777978
      tot: 6867.777978